4.0
2.0
7.0
3.0
9.0
11.0
13.0
14.0
20.0
21.0
33.0
25.0
18.0
31.0
32.0
34.0
37.0
37.0
43.0
46.0
39.0
35.0
81.0
52.0
43.0
25.0
61.0
64.0
25.0
32.0
98.0
103.0
100.0
49.0
70.0
103.0
99.0
116.0
74.0
45.0
133.0
116.0
307.0
91.0
175.0
59.0
173.0
196.0
39.0
118.0
220.0
208.0
241.0
122.0
237.0
191.0
Force To End
Force To End
Force To End
255.33333333333334
Force To End
Force To End
333.0
207.0
161.0
173.0
177.0
104.0
289.0
297.0
119.0
260.0
118.0
133.0
285.0
362.0
221.0
115.0
153.0
235.0
181.0
283.0
48.0
157.0
55.0
63.0
152.0
238.0
277.0
246.0
219.0
142.0
163.0
141.0
195.0
209.0
158.0
233.0
333.0
265.0
310.0
259.0
337.0
172.0
258.0
280.0
269.0
229.0
274.0
331.0
259.0
262.0
235.0
289.0
261.0
249.0
209.0
314.0
299.0
329.0
253.0
198.0
172.0
302.0
178.0
131.0
306.0
331.0
306.0
370.0
342.0
305.0
282.0
286.0
304.0
296.0
268.0
319.0
294.0
270.0
302.0
336.0
280.0
289.0
302.0
295.0
271.0
320.0
306.0
348.0
281.0
256.0
326.0
341.0
309.0
326.0
289.0
347.0
335.0
362.0
334.0
307.0
318.0
402.0
317.0
287.0
327.0
315.0
311.0
358.0
347.0
278.0
304.0
337.0
318.0
308.0
308.0
322.0
361.0
278.0
318.0
305.0
295.0
360.0
361.0
334.0
323.0
331.0
334.0
364.0
334.0
322.0
373.0
245.0
372.0
297.0
378.0
349.0
302.0
334.0
290.0
278.0
285.0
366.0
295.0
339.0
326.0
338.0
374.0
365.0
309.0
346.0
384.0
345.0
390.0
279.0
280.0
291.0
294.0
362.0
321.0
356.0
383.0
311.0
386.0
354.0
347.0
362.0
397.0
416.0
372.0
413.0
383.0
412.0
362.0
361.0
362.0
372.0
356.0
349.0
421.0
399.0
415.0
363.0
425.0
391.0
318.0
376.0
Force To End
Force To End
Force To End
Force To End
Force To End
295.6666666666667
360.0
360.0
395.0
556.0
426.0
422.0