  0        0 4.0
  1   100000 2.0
  2   200000 7.0
  3   300000 3.0
  4   400000 9.0
  5   500000 11.0
  6   600000 13.0
  7   700000 14.0
  8   800000 20.0
  9   900000 21.0
 10  1000000 33.0
 11  1100000 25.0
 12  1200000 18.0
 13  1300000 31.0
 14  1400000 32.0
 15  1500000 34.0
 16  1600000 37.0
 17  1700000 37.0
 18  1800000 43.0
 19  1900000 46.0
 20  2000000 39.0
 21  2100000 35.0
 22  2200000 81.0
 23  2300000 52.0
 24  2400000 43.0
 25  2500000 25.0
 26  2600000 61.0
 27  2700000 64.0
 28  2800000 25.0
 29  2900000 32.0
 30  3000000 98.0
 31  3100000 103.0
 32  3200000 100.0
 33  3300000 49.0
 34  3400000 70.0
 35  3500000 103.0
 36  3600000 99.0
 37  3700000 116.0
 38  3800000 74.0
 39  3900000 45.0
 40  4000000 133.0
 41  4100000 116.0
 42  4200000 307.0
 43  4300000 91.0
 44  4400000 175.0
 45  4500000 59.0
 46  4600000 173.0
 47  4700000 196.0
 48  4800000 39.0
 49  4900000 118.0
 50  5000000 220.0
 51  5100000 208.0
 52  5200000 241.0
 53  5300000 122.0
 54  5400000 237.0
 55  5500000 191.0
 56  5600000 241.0
 57  5700000 333.0
 58  5800000 207.0
 59  5900000 161.0
 60  6000000 173.0
 61  6100000 177.0
 62  6200000 104.0
 63  6300000 289.0
 64  6400000 297.0
 65  6500000 119.0
 66  6600000 260.0
 67  6700000 118.0
 68  6800000 133.0
 69  6900000 285.0
 70  7000000 362.0
 71  7100000 221.0
 72  7200000 115.0
 73  7300000 153.0
 74  7400000 235.0
 75  7500000 181.0
 76  7600000 283.0
 77  7700000 48.0
 78  7800000 157.0
 79  7900000 55.0
 80  8000000 63.0
 81  8100000 152.0
 82  8200000 238.0
 83  8300000 277.0
 84  8400000 246.0
 85  8500000 219.0
 86  8600000 142.0
 87  8700000 163.0
 88  8800000 141.0
 89  8900000 195.0
 90  9000000 209.0
 91  9100000 158.0
 92  9200000 233.0
 93  9300000 333.0
 94  9400000 265.0
 95  9500000 310.0
 96  9600000 259.0
 97  9700000 337.0
 98  9800000 172.0
 99  9900000 258.0
100 10000000 280.0
101 10100000 269.0
102 10200000 229.0
103 10300000 274.0
104 10400000 331.0
105 10500000 259.0
106 10600000 262.0
107 10700000 235.0
108 10800000 289.0
109 10900000 261.0
110 11000000 249.0
111 11100000 209.0
112 11200000 314.0
113 11300000 299.0
114 11400000 329.0
115 11500000 253.0
116 11600000 198.0
117 11700000 172.0
118 11800000 302.0
119 11900000 178.0
120 12000000 131.0
121 12100000 306.0
122 12200000 331.0
123 12300000 306.0
124 12400000 370.0
125 12500000 342.0
126 12600000 305.0
127 12700000 282.0
128 12800000 286.0
129 12900000 304.0
130 13000000 296.0
131 13100000 268.0
132 13200000 319.0
133 13300000 294.0
134 13400000 270.0
135 13500000 302.0
136 13600000 336.0
137 13700000 280.0
138 13800000 289.0
139 13900000 302.0
140 14000000 295.0
141 14100000 271.0
142 14200000 320.0
143 14300000 306.0
144 14400000 348.0
145 14500000 281.0
146 14600000 256.0
147 14700000 326.0
148 14800000 341.0
149 14900000 309.0
150 15000000 326.0
151 15100000 289.0
152 15200000 347.0
153 15300000 335.0
154 15400000 362.0
155 15500000 334.0
156 15600000 307.0
157 15700000 318.0
158 15800000 402.0
159 15900000 317.0
160 16000000 287.0
161 16100000 327.0
162 16200000 315.0
163 16300000 311.0
164 16400000 358.0
165 16500000 347.0
166 16600000 278.0
167 16700000 304.0
168 16800000 337.0
169 16900000 318.0
170 17000000 308.0
171 17100000 308.0
172 17200000 322.0
173 17300000 361.0
174 17400000 278.0
175 17500000 318.0
176 17600000 305.0
177 17700000 295.0
178 17800000 360.0
179 17900000 361.0
180 18000000 334.0
181 18100000 323.0
182 18200000 331.0
183 18300000 334.0
184 18400000 364.0
185 18500000 334.0
186 18600000 322.0
187 18700000 373.0
188 18800000 245.0
189 18900000 372.0
190 19000000 297.0
191 19100000 378.0
192 19200000 349.0
193 19300000 302.0
194 19400000 334.0
195 19500000 290.0
196 19600000 278.0
197 19700000 285.0
198 19800000 366.0
199 19900000 295.0
200 20000000 339.0
201 20100000 326.0
202 20200000 338.0
203 20300000 374.0
204 20400000 365.0
205 20500000 309.0
206 20600000 346.0
207 20700000 384.0
208 20800000 345.0
209 20900000 390.0
210 21000000 279.0
211 21100000 280.0
212 21200000 291.0
213 21300000 294.0
214 21400000 362.0
215 21500000 321.0
216 21600000 356.0
217 21700000 383.0
218 21800000 311.0
219 21900000 386.0
220 22000000 354.0
221 22100000 347.0
222 22200000 362.0
223 22300000 397.0
224 22400000 416.0
225 22500000 372.0
226 22600000 413.0
227 22700000 383.0
228 22800000 412.0
229 22900000 362.0
230 23000000 361.0
231 23100000 362.0
232 23200000 372.0
233 23300000 356.0
234 23400000 349.0
235 23500000 421.0
236 23600000 399.0
237 23700000 415.0
238 23800000 363.0
239 23900000 425.0
240 24000000 391.0
241 24100000 318.0
242 24200000 376.0
243 24300000 471.7
244 24400000 360.0
245 24500000 360.0
246 24600000 395.0
247 24700000 556.0
248 24800000 426.0
249 24900000 422.0