  0        0 4.3
  1   100000 2.7
  2   200000 3.0
  3   300000 8.0
  4   400000 10.0
  5   500000 9.0
  6   600000 13.7
  7   700000 13.7
  8   800000 16.0
  9   900000 16.7
 10  1000000 23.3
 11  1100000 19.0
 12  1200000 37.3
 13  1300000 36.0
 14  1400000 35.3
 15  1500000 45.7
 16  1600000 26.0
 17  1700000 39.7
 18  1800000 58.0
 19  1900000 56.3
 20  2000000 62.7
 21  2100000 72.7
 22  2200000 47.7
 23  2300000 36.3
 24  2400000 56.0
 25  2500000 38.0
 26  2600000 43.3
 27  2700000 54.0
 28  2800000 52.0
 29  2900000 62.3
 30  3000000 69.7
 31  3100000 77.7
 32  3200000 88.0
 33  3300000 91.7
 34  3400000 67.3
 35  3500000 92.0
 36  3600000 55.3
 37  3700000 121.7
 38  3800000 93.0
 39  3900000 94.7
 40  4000000 66.0
 41  4100000 153.7
 42  4200000 91.7
 43  4300000 86.3
 44  4400000 59.3
 45  4500000 88.7
 46  4600000 49.7
 47  4700000 129.3
 48  4800000 66.0
 49  4900000 102.0
 50  5000000 97.7
 51  5100000 94.0
 52  5200000 84.0
 53  5300000 76.7
 54  5400000 69.7
 55  5500000 110.3
 56  5600000 27.0
 57  5700000 141.3
 58  5800000 44.3
 59  5900000 74.3
 60  6000000 58.0
 61  6100000 66.7
 62  6200000 41.3
 63  6300000 125.7
 64  6400000 32.7
 65  6500000 127.3
 66  6600000 197.7
 67  6700000 43.0
 68  6800000 162.3
 69  6900000 59.0
 70  7000000 148.0
 71  7100000 54.3
 72  7200000 169.7
 73  7300000 155.7
 74  7400000 122.0
 75  7500000 203.3
 76  7600000 31.3
 77  7700000 124.7
 78  7800000 69.0
 79  7900000 68.0
 80  8000000 157.0
 81  8100000 148.7
 82  8200000 155.3
 83  8300000 303.3
 84  8400000 229.7
 85  8500000 151.3
 86  8600000 171.3
 87  8700000 24.7
 88  8800000 55.7
 89  8900000 246.0
 90  9000000 61.7
 91  9100000 235.7
 92  9200000 117.0
 93  9300000 163.0
 94  9400000 67.3
 95  9500000 106.3
 96  9600000 67.0
 97  9700000 147.7
 98  9800000 59.7
 99  9900000 144.3
100 10000000 194.7
101 10100000 39.3
102 10200000 158.3
103 10300000 173.3
104 10400000 163.3
105 10500000 64.3
106 10600000 283.0
107 10700000 338.7
108 10800000 181.3
109 10900000 56.7
110 11000000 43.3
111 11100000 25.0
112 11200000 32.0
113 11300000 31.7
114 11400000 151.7
115 11500000 59.0
116 11600000 47.7
117 11700000 40.0
118 11800000 46.3
119 11900000 147.7
120 12000000 26.0
121 12100000 148.0
122 12200000 254.7
123 12300000 336.7
124 12400000 25.3
125 12500000 221.7
126 12600000 113.7
127 12700000 28.0
128 12800000 142.0
129 12900000 280.3
130 13000000 197.7
131 13100000 20.7
132 13200000 172.7
133 13300000 341.0
134 13400000 167.7
135 13500000 65.0
136 13600000 204.7
137 13700000 10.3
138 13800000 97.3
139 13900000 175.0
140 14000000 61.0
141 14100000 84.3
142 14200000 140.0
143 14300000 55.0
144 14400000 228.7
145 14500000 164.7
146 14600000 10.0
147 14700000 149.7
148 14800000 147.3
149 14900000 28.3
150 15000000 267.0
151 15100000 224.7
152 15200000 237.7
153 15300000 49.3
154 15400000 141.0
155 15500000 40.7
156 15600000 346.7
157 15700000 63.0
158 15800000 123.0
159 15900000 129.3
160 16000000 122.0
161 16100000 319.0
162 16200000 269.7
163 16300000 360.7
164 16400000 141.0
165 16500000 301.0
166 16600000 193.0
167 16700000 41.0
168 16800000 260.3
169 16900000 239.3
170 17000000 179.3
171 17100000 194.3
172 17200000 147.0
173 17300000 374.7
174 17400000 218.0
175 17500000 225.7
176 17600000 270.3
177 17700000 129.7
178 17800000 29.7
179 17900000 46.3
180 18000000 166.3
181 18100000 129.7
182 18200000 101.0
183 18300000 158.7
184 18400000 69.0
185 18500000 283.3
186 18600000 136.7
187 18700000 18.0
188 18800000 277.0
189 18900000 111.3
190 19000000 144.0
191 19100000 198.7
192 19200000 45.3
193 19300000 149.3
194 19400000 175.3
195 19500000 171.3
196 19600000 321.7
197 19700000 266.0
198 19800000 59.7
199 19900000 326.3
200 20000000 23.0
201 20100000 200.7
202 20200000 53.3
203 20300000 192.0
204 20400000 60.0
205 20500000 189.0
206 20600000 46.7
207 20700000 249.0
208 20800000 259.7
209 20900000 91.7
210 21000000 163.0
211 21100000 214.0
212 21200000 331.7
213 21300000 111.7
214 21400000 106.3
215 21500000 176.3
216 21600000 149.3
217 21700000 154.0
218 21800000 76.3
219 21900000 265.7
220 22000000 249.3
221 22100000 18.7
222 22200000 183.3
223 22300000 15.3
224 22400000 140.3
225 22500000 247.3
226 22600000 287.0
227 22700000 152.7
228 22800000 140.0
229 22900000 337.7
230 23000000 381.0
231 23100000 248.7
232 23200000 363.0
233 23300000 281.0
234 23400000 153.3
235 23500000 382.7
236 23600000 274.7
237 23700000 171.7
238 23800000 260.7
239 23900000 82.0
240 24000000 203.7
241 24100000 126.7
242 24200000 80.0
243 24300000 206.3
244 24400000 81.0
245 24500000 71.0
246 24600000 292.3
247 24700000 119.3
248 24800000 25.0
249 24900000 186.7