  0        0 4.0
  1   100000 4.0
  2   200000 6.0
  3   300000 9.0
  4   400000 10.0
  5   500000 14.0
  6   600000 16.0
  7   700000 20.0
  8   800000 20.0
  9   900000 20.0
 10  1000000 20.0
 11  1100000 32.0
 12  1200000 39.0
 13  1300000 25.0
 14  1400000 23.0
 15  1500000 55.0
 16  1600000 33.0
 17  1700000 41.0
 18  1800000 59.0
 19  1900000 34.0
 20  2000000 69.0
 21  2100000 38.0
 22  2200000 37.0
 23  2300000 48.0
 24  2400000 68.0
 25  2500000 35.0
 26  2600000 80.0
 27  2700000 95.0
 28  2800000 64.0
 29  2900000 103.0
 30  3000000 57.0
 31  3100000 85.0
 32  3200000 66.0
 33  3300000 64.0
 34  3400000 49.0
 35  3500000 226.0
 36  3600000 248.0
 37  3700000 142.0
 38  3800000 133.0
 39  3900000 94.0
 40  4000000 292.0
 41  4100000 123.0
 42  4200000 290.0
 43  4300000 206.0
 44  4400000 86.0
 45  4500000 215.0
 46  4600000 197.0
 47  4700000 259.0
 48  4800000 211.0
 49  4900000 232.0
 50  5000000 319.0
 51  5100000 253.0
 52  5200000 265.0
 53  5300000 173.0
 54  5400000 274.0
 55  5500000 160.0
 56  5600000 188.0
 57  5700000 375.0
 58  5800000 238.0
 59  5900000 325.0
 60  6000000 182.0
 61  6100000 129.0
 62  6200000 221.0
 63  6300000 225.0
 64  6400000 197.0
 65  6500000 198.0
 66  6600000 126.0
 67  6700000 234.0
 68  6800000 299.0
 69  6900000 217.0
 70  7000000 208.0
 71  7100000 310.0
 72  7200000 311.0
 73  7300000 346.0
 74  7400000 305.0
 75  7500000 116.0
 76  7600000 326.0
 77  7700000 278.0
 78  7800000 241.0
 79  7900000 285.0
 80  8000000 147.0
 81  8100000 242.0
 82  8200000 188.0
 83  8300000 242.0
 84  8400000 226.0
 85  8500000 238.0
 86  8600000 179.0
 87  8700000 145.0
 88  8800000 200.0
 89  8900000 328.0
 90  9000000 170.0
 91  9100000 239.0
 92  9200000 247.0
 93  9300000 277.0
 94  9400000 227.0
 95  9500000 259.0
 96  9600000 292.0
 97  9700000 170.0
 98  9800000 215.0
 99  9900000 166.0
100 10000000 55.0
101 10100000 211.0
102 10200000 244.0
103 10300000 293.0
104 10400000 286.0
105 10500000 234.0
106 10600000 278.0
107 10700000 386.0
108 10800000 276.0
109 10900000 191.0
110 11000000 37.0
111 11100000 182.0
112 11200000 232.0
113 11300000 306.0
114 11400000 287.0
115 11500000 328.0
116 11600000 224.0
117 11700000 294.0
118 11800000 255.0
119 11900000 267.0
120 12000000 176.0
121 12100000 284.0
122 12200000 311.0
123 12300000 172.0
124 12400000 291.0
125 12500000 281.0
126 12600000 277.0
127 12700000 298.0
128 12800000 138.0
129 12900000 294.0
130 13000000 300.0
131 13100000 361.0
132 13200000 261.0
133 13300000 201.0
134 13400000 240.0
135 13500000 239.0
136 13600000 174.0
137 13700000 249.0
138 13800000 353.0
139 13900000 193.0
140 14000000 293.0
141 14100000 337.0
142 14200000 262.0
143 14300000 158.0
144 14400000 348.0
145 14500000 233.0
146 14600000 323.0
147 14700000 263.0
148 14800000 324.0
149 14900000 222.0
150 15000000 263.0
151 15100000 42.0
152 15200000 210.0
153 15300000 230.0
154 15400000 547.7
155 15500000 117.0
156 15600000 29.0
157 15700000 37.0
158 15800000 224.0
159 15900000 305.0
160 16000000 353.0
161 16100000 270.0
162 16200000 304.0
163 16300000 272.0
164 16400000 298.0
165 16500000 343.0
166 16600000 295.0
167 16700000 362.0
168 16800000 355.0
169 16900000 329.0
170 17000000 345.0
171 17100000 253.0
172 17200000 352.0
173 17300000 275.0
174 17400000 296.0
175 17500000 306.0
176 17600000 142.0
177 17700000 329.0
178 17800000 293.0
179 17900000 488.0
180 18000000 290.3
181 18100000 279.0
182 18200000 338.3
183 18300000 211.3
184 18400000 288.7
185 18500000 331.3
186 18600000 240.3
187 18700000 268.3
188 18800000 291.7
189 18900000 228.3
190 19000000 256.7
191 19100000 284.7
192 19200000 372.3
193 19300000 278.0
194 19400000 330.7
195 19500000 332.0
196 19600000 286.7
197 19700000 299.3
198 19800000 308.0
199 19900000 311.7
200 20000000 342.3
201 20100000 322.0
202 20200000 316.0
203 20300000 320.0
204 20400000 321.7
205 20500000 245.3
206 20600000 60.3
207 20700000 385.3
208 20800000 320.3
209 20900000 293.7
210 21000000 299.0
211 21100000 271.7
212 21200000 333.0
213 21300000 335.7
214 21400000 314.0
215 21500000 340.3
216 21600000 237.3
217 21700000 390.0
218 21800000 320.0
219 21900000 255.0
220 22000000 378.3
221 22100000 284.7
222 22200000 311.0
223 22300000 290.3
224 22400000 351.7
225 22500000 371.0
226 22600000 336.7
227 22700000 298.7
228 22800000 332.3
229 22900000 358.7
230 23000000 337.3
231 23100000 349.7
232 23200000 338.3
233 23300000 393.0
234 23400000 329.7
235 23500000 347.7
236 23600000 297.3
237 23700000 361.0
238 23800000 329.7
239 23900000 313.3
240 24000000 372.7
241 24100000 278.0
242 24200000 320.7
243 24300000 343.0
244 24400000 375.0
245 24500000 364.3
246 24600000 315.0
247 24700000 357.3
248 24800000 391.7
249 24900000 394.3
250 25000000 391.3